No.	AA	DNA_binding	RNA_binding	Peptide_binding	Protein_binding	ATP_binding	HEM_binding	ZN_binding	CA_binding	MG_binding	MN_binding
1	M	0.060	0.057	0.156	0.738	0.044	0.055	0.013	0.026	0.013	0.016
2	S	0.048	0.054	0.202	0.798	0.058	0.048	0.003	0.028	0.013	0.009
3	Q	0.050	0.051	0.239	0.747	0.049	0.060	0.007	0.025	0.014	0.015
4	N	0.028	0.032	0.242	0.779	0.049	0.043	0.003	0.037	0.019	0.011
5	N	0.037	0.031	0.222	0.754	0.043	0.038	0.002	0.030	0.022	0.011
6	P	0.018	0.018	0.215	0.746	0.033	0.027	0.000	0.010	0.010	0.003
7	S	0.030	0.025	0.204	0.771	0.030	0.033	0.001	0.014	0.014	0.005
8	Q	0.028	0.029	0.372	0.821	0.052	0.031	0.001	0.026	0.022	0.007
9	L	0.008	0.013	0.356	0.898	0.049	0.065	0.001	0.011	0.014	0.005
10	L	0.022	0.031	0.497	0.914	0.072	0.101	0.004	0.029	0.031	0.015
11	P	0.008	0.006	0.247	0.727	0.028	0.051	0.001	0.008	0.020	0.007
12	S	0.014	0.018	0.452	0.785	0.024	0.095	0.003	0.013	0.024	0.015
13	E	0.013	0.018	0.476	0.776	0.046	0.047	0.082	0.097	0.090	0.122
14	L	0.001	0.002	0.151	0.653	0.014	0.039	0.002	0.006	0.018	0.006
15	I	0.001	0.002	0.200	0.674	0.009	0.081	0.001	0.004	0.007	0.003
16	D	0.009	0.014	0.475	0.786	0.018	0.058	0.123	0.077	0.076	0.125
17	R	0.016	0.020	0.343	0.748	0.039	0.054	0.005	0.014	0.025	0.017
18	C	0.001	0.001	0.054	0.312	0.004	0.018	0.067	0.009	0.019	0.021
19	I	0.004	0.007	0.345	0.782	0.016	0.066	0.005	0.015	0.018	0.011
20	G	0.002	0.003	0.119	0.359	0.007	0.010	0.006	0.013	0.018	0.013
21	S	0.002	0.002	0.075	0.327	0.007	0.006	0.004	0.012	0.026	0.009
22	K	0.004	0.003	0.062	0.126	0.007	0.007	0.007	0.014	0.021	0.010
23	I	0.000	0.000	0.014	0.069	0.001	0.010	0.001	0.001	0.004	0.002
24	W	0.003	0.004	0.091	0.396	0.022	0.025	0.004	0.008	0.024	0.010
25	V	0.000	0.000	0.005	0.021	0.001	0.009	0.001	0.001	0.004	0.001
26	I	0.003	0.006	0.098	0.378	0.054	0.080	0.007	0.007	0.034	0.016
27	M	0.026	0.042	0.081	0.136	0.097	0.134	0.001	0.011	0.036	0.007
28	K	0.327	0.453	0.269	0.600	0.430	0.274	0.011	0.054	0.057	0.033
29	G	0.151	0.223	0.140	0.308	0.166	0.050	0.013	0.051	0.055	0.033
30	D	0.042	0.069	0.146	0.308	0.129	0.028	0.070	0.067	0.060	0.062
31	K	0.208	0.225	0.100	0.283	0.261	0.093	0.020	0.037	0.068	0.036
32	E	0.002	0.003	0.081	0.166	0.011	0.016	0.051	0.021	0.029	0.035
33	L	0.000	0.001	0.005	0.039	0.001	0.007	0.001	0.001	0.005	0.002
34	V	0.000	0.001	0.007	0.019	0.001	0.003	0.000	0.002	0.009	0.002
35	G	0.000	0.000	0.003	0.006	0.000	0.002	0.001	0.001	0.004	0.002
36	T	0.000	0.001	0.055	0.088	0.003	0.007	0.027	0.014	0.037	0.034
37	L	0.000	0.001	0.060	0.225	0.002	0.025	0.001	0.001	0.004	0.002
38	C	0.009	0.014	0.233	0.675	0.027	0.065	0.211	0.011	0.019	0.054
39	G	0.012	0.013	0.316	0.729	0.018	0.074	0.005	0.006	0.016	0.006
40	F	0.044	0.047	0.522	0.868	0.055	0.126	0.003	0.016	0.021	0.015
41	D	0.074	0.094	0.500	0.827	0.150	0.253	0.037	0.019	0.066	0.068
42	V	0.171	0.218	0.604	0.883	0.191	0.331	0.001	0.010	0.024	0.011
43	Y	0.716	0.837	0.647	0.890	0.484	0.646	0.013	0.075	0.105	0.063
44	V	0.104	0.110	0.268	0.667	0.153	0.254	0.002	0.020	0.041	0.009
45	N	0.577	0.654	0.632	0.846	0.423	0.679	0.032	0.079	0.178	0.127
46	M	0.002	0.003	0.188	0.402	0.006	0.121	0.002	0.002	0.006	0.002
47	V	0.048	0.049	0.302	0.777	0.073	0.192	0.002	0.002	0.011	0.005
48	L	0.000	0.000	0.006	0.020	0.001	0.006	0.001	0.001	0.004	0.002
49	E	0.002	0.003	0.139	0.399	0.008	0.015	0.332	0.074	0.098	0.215
50	D	0.001	0.002	0.092	0.154	0.007	0.004	0.231	0.165	0.151	0.252
51	V	0.000	0.000	0.006	0.046	0.000	0.002	0.001	0.003	0.008	0.004
52	T	0.001	0.001	0.017	0.034	0.002	0.003	0.001	0.002	0.009	0.003
53	E	0.006	0.007	0.024	0.112	0.009	0.009	0.088	0.008	0.022	0.039
54	Y	0.003	0.003	0.054	0.112	0.007	0.012	0.001	0.003	0.009	0.004
55	E	0.008	0.018	0.052	0.122	0.035	0.016	0.126	0.017	0.038	0.069
56	Y	0.011	0.019	0.142	0.275	0.070	0.036	0.004	0.017	0.039	0.018
57	T	0.015	0.025	0.050	0.082	0.058	0.023	0.001	0.005	0.015	0.007
58	A	0.026	0.040	0.048	0.078	0.069	0.020	0.001	0.004	0.006	0.003
59	E	0.011	0.014	0.038	0.055	0.026	0.012	0.015	0.007	0.009	0.011
60	G	0.003	0.006	0.033	0.039	0.015	0.007	0.000	0.002	0.005	0.002
61	R	0.015	0.011	0.086	0.165	0.014	0.012	0.001	0.009	0.017	0.008
62	R	0.012	0.011	0.025	0.086	0.020	0.009	0.003	0.005	0.015	0.009
63	I	0.003	0.003	0.027	0.054	0.002	0.004	0.000	0.004	0.008	0.004
64	T	0.002	0.003	0.013	0.065	0.004	0.003	0.002	0.003	0.008	0.005
65	K	0.005	0.004	0.048	0.118	0.005	0.003	0.005	0.024	0.025	0.017
66	L	0.002	0.002	0.022	0.199	0.002	0.005	0.001	0.003	0.008	0.005
67	D	0.003	0.005	0.093	0.206	0.010	0.007	0.234	0.177	0.147	0.251
68	Q	0.025	0.018	0.209	0.698	0.011	0.020	0.062	0.037	0.030	0.032
69	I	0.003	0.004	0.037	0.268	0.004	0.014	0.001	0.001	0.005	0.002
70	L	0.110	0.143	0.375	0.854	0.079	0.157	0.001	0.004	0.012	0.004
71	L	0.007	0.011	0.057	0.204	0.011	0.040	0.001	0.001	0.007	0.002
72	N	0.720	0.799	0.464	0.644	0.568	0.498	0.033	0.090	0.215	0.124
73	G	0.311	0.428	0.333	0.567	0.321	0.311	0.008	0.105	0.226	0.123
74	N	0.764	0.880	0.538	0.799	0.708	0.641	0.008	0.127	0.225	0.116
75	N	0.428	0.537	0.234	0.459	0.531	0.182	0.006	0.070	0.141	0.047
76	I	0.008	0.013	0.120	0.402	0.083	0.112	0.001	0.009	0.041	0.007
77	A	0.027	0.047	0.139	0.550	0.132	0.032	0.004	0.008	0.022	0.010
78	I	0.003	0.008	0.127	0.534	0.053	0.056	0.005	0.009	0.028	0.010
79	L	0.002	0.002	0.104	0.600	0.009	0.017	0.003	0.007	0.013	0.005
80	V	0.001	0.002	0.084	0.399	0.016	0.022	0.004	0.011	0.034	0.011
81	P	0.002	0.003	0.079	0.568	0.012	0.016	0.003	0.021	0.037	0.010
82	G	0.002	0.003	0.083	0.370	0.008	0.007	0.003	0.022	0.037	0.008
83	G	0.002	0.003	0.077	0.379	0.019	0.008	0.001	0.010	0.029	0.006
84	S	0.003	0.004	0.092	0.254	0.013	0.009	0.001	0.009	0.023	0.006
85	P	0.003	0.003	0.054	0.275	0.015	0.009	0.001	0.010	0.021	0.004
86	P	0.004	0.006	0.118	0.434	0.018	0.016	0.001	0.016	0.026	0.006
87	D	0.004	0.007	0.137	0.258	0.018	0.007	0.009	0.027	0.021	0.014
88	V	0.004	0.007	0.084	0.270	0.009	0.008	0.002	0.016	0.028	0.009
